0.5934030052
0.5863426329
0.5616171352
0.5873941834
0.5651549851
0.5748908375
0.5965171138
0.6255396753
0.5497539835
0.6787054152
0.6833931223
0.567676985
0.4899567039
0.675023309
0.5005987849
0.6140234093
0.613677006
0.5195005582
0.5135420558
0.511060025
0.492905441
0.4688573038
0.5545776768
0.4585390958
0.54981567
0.499580064
0.4784632829
0.4231756257
0.5191174523
0.5051070725
0.5047599398
0.4927942016
0.4913595461
0.458570623
0.4574150816
0.3591630286
0.4448268206
0.5578315172
0.5465830453
0.5232300403
0.3838687203
0.5010915265
0.4864877413
0.4795701485
0.4766602425
0.47524123
0.4666646164
0.4631338097
0.4514518643
0.4454995966
0.6192364041
0.3769378302
0.3513295015
0.4923347398
0.4819581185
0.4758606513
0.4626609326
0.43826714
0.4288091889
0.4137184897
0.4024872877
0.382611513
0.3639797234
0.3600843882
0.3570935745
0.3498050326
0.3214502266
0.2849978362
0.2430109272