0.1066885586
0.08554057397
0.06427965725
0.1031750748
0.0962700726
0.1393118079
0.1318877052
0.1643288217
0.1227364193
0.1058274836
0.09111235574
0.1446059217
0.08313890688
0.05905095579
0.1706325334
0.1470755066
0.1542385972
0.1220948505
0.1221890669
0.169888213
0.126862964
0.2517302266
0.2040025829
0.07980271626
0.1361048897
0.193978681
0.1066759145
0.07109606976
0.1351609171
0.1634927115
0.08084867689
0.1361472476
0.1530272082
0.1054091122
0.1961264384
0.1874842062
0.1164843548
0.1552385557
0.1848725642
0.07962910442
0.07027819023
0.1660473986
0.0986770613
0.1684262785
0.08569442173
0.2110735592
0.1416340966
0.2225401365
0.1953958703
0.1730869773
0.03047802611
0.1142944786
0.09323142891
0.03630013715
0.1512229458
0.1368802053
0.008686787299
0.08505866449
0.09229848571
0.0731893387
0.1185641276
0.1486153188
0.1183773993
0.04230706395
0.1543553882
0.2156814023
0.3289798
0.104014237
0.2159724282